# 2026-10-09T21:54:21-04:00 frank-desktop load1=12.89 cpu=5 gcc -O2 reps=3 runs=7 wall=60s
dot-wf	o	743934	909f48e36ad62c88	8691.5	8679.5	8688.3	8702.5	8712.0	8708.8	8698.9
dot-wf	s	743934	909f48e36ad62c88	5963.5	6290.2	6213.4	6313.5	6217.8	6236.1	6230.0
dot-wf	i	743934	909f48e36ad62c88	7320.6	7378.5	7381.3	7312.7	7360.8	7351.7	7352.8
pl-wf	o	112148	8238b6e7aca6da64	5893.5	5775.5	5861.8	5827.3	5809.7	5829.7	5811.4
pl-wf	s	112148	8238b6e7aca6da64	3640.5	3657.0	3649.5	3689.1	3655.1	3633.5	3643.1
pl-wf	i	112148	8238b6e7aca6da64	4118.8	4114.7	4089.0	4143.0	4136.7	4121.7	4127.9
dot-c3	o	1	0000000002000001	1335.2	1332.7	1332.8	1328.6	1337.6	1331.1	1333.5
dot-c3	s	1	0000000002000001	3680.2	3771.2	3694.9	3694.2	3691.8	3709.4	3692.9
dot-c3	i	1	0000000002000001	4038.6	4030.6	4079.9	4049.4	4010.1	4030.5	4060.8
pl-c3	o	1	0000000002000001	2164.2	2152.1	2156.2	2180.8	2146.3	2144.5	2149.3
pl-c3	s	1	0000000002000001	5348.1	5328.8	5346.3	5373.1	5332.6	5338.8	5318.5
pl-c3	i	1	0000000002000001	3983.0	3925.0	3981.8	4013.2	3930.7	3973.2	3984.0
dot-e2	o	1	0000000002000001	1341.4	1334.9	1274.0	1281.7	1276.1	1281.9	1270.3
dot-e2	s	1	0000000002000001	3270.3	3256.3	3372.9	3186.6	3237.9	3267.7	3292.8
dot-e2	i	1	0000000002000001	3879.3	3955.2	4000.0	3915.3	3960.2	3968.4	3974.3
dot-f0	o	1	0000000002000001	1280.5	1272.8	1277.6	1278.1	1272.7	1269.3	1272.6
dot-f0	s	1	0000000002000001	3108.2	3107.1	3114.3	3096.7	2969.1	3109.6	3130.3
dot-f0	i	1	0000000002000001	3439.1	3448.8	3505.6	3421.2	3550.4	3624.6	3638.0
dot-e282	o	1	0000000002000001	1323.9	1333.1	1338.5	1335.9	1334.7	1337.7	1338.4
dot-e282	s	1	0000000002000001	3403.6	3433.4	3394.7	3442.6	3557.0	3520.1	3445.8
dot-e282	i	1	0000000002000001	2600.4	2634.0	2664.6	2637.9	2627.7	2633.7	2637.4
dot-f09f98	o	1	0000000001ffffe1	1331.4	1343.4	1343.2	1337.9	1344.0	1332.1	1338.7
dot-f09f98	s	1	0000000001ffffe1	3218.2	3202.4	3219.4	3249.6	3217.0	3232.7	3228.5
dot-f09f98	i	1	0000000001ffffe1	2104.0	2132.5	2113.2	2137.0	2127.9	2138.2	2144.5
dot-c3-64k	o	1	0000000000200001	85.1	85.4	81.7	82.6	83.4	81.9	84.2
dot-c3-64k	s	1	0000000000200001	228.8	227.6	232.1	225.1	231.6	214.0	226.8
dot-c3-64k	i	1	0000000000200001	249.8	254.7	256.1	249.1	249.9	253.4	254.7
dot-c3-64k	r	1	0000000000200001	3067216.7	3036195.2	3003922.7	3059177.9	3074560.8	3077821.7	3090496.7
pl-c3-64k	o	1	0000000000200001	145.2	136.6	136.2	136.6	136.5	137.1	138.0
pl-c3-64k	s	1	0000000000200001	333.0	335.9	338.8	328.1	319.2	333.9	329.2
pl-c3-64k	i	1	0000000000200001	245.7	234.8	236.6	239.7	306.6	237.8	234.4
pl-c3-64k	r	1	0000000000200001	4811765.4	4839014.7	4823079.7	4793548.1	4742423.3	4709365.3	4646309.8
# rep 1 done load1=12.86
dot-wf	o	743934	909f48e36ad62c88	8362.0	8257.1	8177.5	8177.1	8191.9	8140.5	8236.3
dot-wf	s	743934	909f48e36ad62c88	6081.3	6038.3	6097.1	5973.5	5998.7	5899.8	5863.9
dot-wf	i	743934	909f48e36ad62c88	6877.1	6701.0	6714.1	6482.2	6787.6	6627.8	6443.7
pl-wf	o	112148	8238b6e7aca6da64	5622.5	5499.9	5519.5	5593.9	5423.0	5314.4	5427.1
pl-wf	s	112148	8238b6e7aca6da64	3478.3	3512.0	3352.1	3159.4	3168.8	3160.0	3298.4
pl-wf	i	112148	8238b6e7aca6da64	3776.6	3765.8	3969.1	3959.5	3915.3	3946.0	3942.2
dot-c3	o	1	0000000002000001	1270.3	1279.3	1284.3	1275.7	1272.1	1267.8	1272.0
dot-c3	s	1	0000000002000001	3365.5	2496.1	2555.8	2623.1	2540.7	2583.5	2454.8
dot-c3	i	1	0000000002000001	2121.3	2031.8	2228.9	2225.6	2135.8	2312.5	2089.9
pl-c3	o	1	0000000002000001	2067.2	2030.4	2117.4	2060.7	2093.8	2118.2	2125.5
pl-c3	s	1	0000000002000001	5243.4	5293.1	5309.1	5308.9	5379.0	5393.9	5304.5
pl-c3	i	1	0000000002000001	4020.5	4095.8	4163.5	4151.0	4149.3	4143.3	4130.6
dot-e2	o	1	0000000002000001	1285.1	1273.9	1286.7	1273.3	1301.4	1294.6	1296.2
dot-e2	s	1	0000000002000001	3418.9	3373.1	3440.7	3429.6	3450.4	3420.6	3449.5
dot-e2	i	1	0000000002000001	4032.4	4002.0	4114.5	4212.0	4125.8	4126.3	4078.8
dot-f0	o	1	0000000002000001	1293.0	1286.4	1264.7	1284.0	1289.0	1310.0	1342.9
dot-f0	s	1	0000000002000001	3220.1	3185.1	2954.2	2750.3	2679.9	2439.1	2302.2
dot-f0	i	1	0000000002000001	3547.9	3596.6	3551.8	3545.1	3516.7	3566.3	3590.1
dot-e282	o	1	0000000002000001	1300.8	1308.1	1310.0	1305.9	1297.8	1303.3	1315.5
dot-e282	s	1	0000000002000001	3122.0	3218.6	3020.8	2600.5	2650.6	2368.0	2553.8
dot-e282	i	1	0000000002000001	1602.4	1441.6	1464.9	1571.9	1470.6	2253.2	1608.7
dot-f09f98	o	1	0000000001ffffe1	1276.0	1291.7	1312.7	1310.5	1309.9	1288.8	1291.9
dot-f09f98	s	1	0000000001ffffe1	2910.1	2934.1	3043.1	2952.4	2665.5	2375.2	2409.8
dot-f09f98	i	1	0000000001ffffe1	1755.3	1836.1	1827.7	1787.7	1920.3	1842.9	1786.5
dot-c3-64k	o	1	0000000000200001	80.6	80.0	80.1	78.5	79.2	78.3	78.6
dot-c3-64k	s	1	0000000000200001	228.2	217.5	213.8	217.0	216.3	211.5	217.7
dot-c3-64k	i	1	0000000000200001	243.6	245.2	247.4	231.8	257.0	240.7	244.4
dot-c3-64k	r	1	0000000000200001	2967652.6	2981311.5	2989212.0	2962179.6	3001258.4	2985489.1	2999136.0
pl-c3-64k	o	1	0000000000200001	135.0	132.9	132.3	132.1	133.6	132.1	133.9
pl-c3-64k	s	1	0000000000200001	324.2	241.2	335.6	241.8	243.4	280.7	228.6
pl-c3-64k	i	1	0000000000200001	241.5	232.1	235.3	251.4	247.8	247.9	199.5
pl-c3-64k	r	1	0000000000200001	4655178.2	4683533.3	4689783.0	4673290.1	4646409.8	4687670.1	4734565.3
# rep 2 done load1=11.77
dot-wf	o	743934	909f48e36ad62c88	8903.7	8831.5	8870.9	8638.7	8113.4	8019.9	8057.0
dot-wf	s	743934	909f48e36ad62c88	5098.0	4867.9	4364.1	4771.8	4862.6	4872.6	4491.0
dot-wf	i	743934	909f48e36ad62c88	5534.5	5635.8	5573.3	5491.2	5331.2	5439.0	5560.8
pl-wf	o	112148	8238b6e7aca6da64	5298.0	5252.7	5239.6	5427.2	5131.6	5271.8	5292.7
pl-wf	s	112148	8238b6e7aca6da64	3355.2	3211.5	3116.0	3177.4	3126.9	3144.8	3138.3
pl-wf	i	112148	8238b6e7aca6da64	3515.5	3560.1	3596.8	3611.7	3688.0	3509.7	3467.4
dot-c3	o	1	0000000002000001	1224.1	1223.2	1228.3	1238.0	1239.8	1263.0	1231.9
dot-c3	s	1	0000000002000001	2455.9	2727.6	2724.8	3477.6	2629.0	2930.5	2628.3
dot-c3	i	1	0000000002000001	2602.0	2295.8	2427.5	3061.8	2810.7	2346.8	2506.8
pl-c3	o	1	0000000002000001	2064.6	2077.9	2071.1	2073.7	2089.9	2036.3	2049.1
pl-c3	s	1	0000000002000001	4540.5	5066.9	5236.6	5251.5	5181.0	5217.1	5183.8
pl-c3	i	1	0000000002000001	3788.0	3812.6	3810.8	3798.6	3799.4	3785.9	3787.2
dot-e2	o	1	0000000002000001	1283.3	1283.3	1301.8	1298.9	1303.7	1301.0	1297.7
dot-e2	s	1	0000000002000001	3329.9	3308.8	3425.7	3357.3	3337.6	3322.9	3367.2
dot-e2	i	1	0000000002000001	3837.9	3925.3	3851.3	3386.7	3636.4	3560.2	3027.5
dot-f0	o	1	0000000002000001	1312.5	1249.6	1268.1	1257.8	1261.4	1221.0	1228.3
dot-f0	s	1	0000000002000001	3036.1	2890.4	3134.1	3225.5	3210.6	3229.8	3220.6
dot-f0	i	1	0000000002000001	3524.2	3562.0	3558.4	3558.0	3562.6	3564.6	3557.7
dot-e282	o	1	0000000002000001	1297.9	1300.5	1292.7	1298.7	1311.5	1301.6	1295.1
dot-e282	s	1	0000000002000001	3096.1	3169.7	3109.6	3093.6	3179.7	3111.9	3118.2
dot-e282	i	1	0000000002000001	2318.0	2497.3	2529.3	2475.2	2469.8	2493.6	2484.7
dot-f09f98	o	1	0000000001ffffe1	1310.5	1312.4	1312.9	1309.6	1325.1	1312.4	1313.9
dot-f09f98	s	1	0000000001ffffe1	2413.7	2458.8	2775.9	2708.1	2663.4	2650.9	2586.2
dot-f09f98	i	1	0000000001ffffe1	1665.3	1141.1	1094.8	1106.1	1115.4	1479.9	1781.5
dot-c3-64k	o	1	0000000000200001	76.1	77.7	77.7	77.1	76.0	76.0	80.0
dot-c3-64k	s	1	0000000000200001	151.2	151.1	151.1	151.1	156.8	151.1	151.0
dot-c3-64k	i	1	0000000000200001	247.5	249.7	236.2	216.1	145.6	139.2	125.7
dot-c3-64k	r	1	0000000000200001	2971822.8	2960523.8	2905152.3	2907380.5	2922477.7	2926812.5	2918658.0
pl-c3-64k	o	1	0000000000200001	135.1	134.3	133.7	133.3	138.3	132.4	129.4
pl-c3-64k	s	1	0000000000200001	323.7	322.3	322.7	321.9	316.9	317.6	327.6
pl-c3-64k	i	1	0000000000200001	232.2	239.4	232.7	230.1	232.8	239.4	231.8
pl-c3-64k	r	1	0000000000200001	4579690.4	4557049.3	4531084.3	4545413.3	4551632.5	4545188.0	4482504.3
# rep 3 done load1=8.27
== start_landing run_timing_guard COMPLETE
