# 2026-10-09T22:05:58-04:00 frank-desktop load1=8.46 cpu=5 gcc -O2 reps=5 runs=9 wall=60s
dot-wf	o	743934	909f48e36ad62c88	8174.8	8178.1	7995.2	8141.6	8189.6	8095.9	8068.5	8191.2	7966.6
dot-wf	s	743934	909f48e36ad62c88	5847.3	6062.2	5555.2	6031.4	5961.2	6020.3	5743.8	5798.7	6019.5
dot-wf	i	743934	909f48e36ad62c88	6739.1	6123.7	6625.5	6654.0	6122.6	6796.6	6614.0	6545.7	6224.5
pl-wf	o	112148	8238b6e7aca6da64	5557.9	5575.6	5546.4	5238.0	5500.3	5539.5	5264.5	5506.4	5519.2
pl-wf	s	112148	8238b6e7aca6da64	3202.7	3381.7	3511.4	3519.3	3517.6	3501.8	3436.8	3150.7	3474.8
pl-wf	i	112148	8238b6e7aca6da64	3882.4	3892.7	3947.0	3814.0	3737.0	3912.6	3900.7	3899.3	3873.3
dot-c3	o	1	0000000002000001	1265.8	1268.6	1288.3	1318.8	1288.6	1283.4	1272.6	1269.1	1311.6
dot-c3	s	1	0000000002000001	3605.6	3280.7	3491.5	3519.6	3648.2	3616.8	3257.8	3553.4	3591.3
dot-c3	i	1	0000000002000001	4118.2	4171.2	4064.8	4044.5	4114.0	4098.8	3734.4	3772.3	4085.6
pl-c3	o	1	0000000002000001	2091.8	2082.5	2087.1	2088.0	2083.7	2079.1	2084.2	2128.7	2100.0
pl-c3	s	1	0000000002000001	4909.7	5323.5	5255.9	5300.1	5109.9	5259.4	5237.9	5363.7	5382.7
pl-c3	i	1	0000000002000001	3579.4	4037.8	4070.5	4055.8	3866.9	3638.7	4110.5	4056.3	4097.3
# rep 1 done load1=8.46
dot-wf	o	743934	909f48e36ad62c88	7994.4	8169.3	8104.9	8116.3	8171.1	8115.3	8163.2	8147.7	8120.7
dot-wf	s	743934	909f48e36ad62c88	6359.2	6587.8	6540.5	6016.1	6553.3	6596.3	6266.0	6435.3	6457.9
dot-wf	i	743934	909f48e36ad62c88	6604.3	6413.3	6797.7	6679.1	6655.5	6236.6	6665.1	6596.8	6132.7
pl-wf	o	112148	8238b6e7aca6da64	5600.3	5657.3	5380.4	5551.4	5580.5	5617.7	5560.4	5348.4	5581.2
pl-wf	s	112148	8238b6e7aca6da64	3383.3	3270.4	3504.6	3503.8	3481.8	3546.3	3533.0	3289.3	3445.6
pl-wf	i	112148	8238b6e7aca6da64	3918.0	3932.2	3964.1	3809.3	3848.4	3931.9	3940.3	3932.0	3958.3
dot-c3	o	1	0000000002000001	1247.7	1238.9	1261.9	1266.1	1280.6	1297.6	1293.5	1306.0	1281.5
dot-c3	s	1	0000000002000001	3716.9	3634.8	3610.6	3697.8	3624.4	3671.5	3234.7	3643.5	3654.2
dot-c3	i	1	0000000002000001	4198.6	4183.8	4137.1	4183.9	4134.6	3970.0	3737.5	4124.8	4095.1
pl-c3	o	1	0000000002000001	2103.7	2104.3	2080.1	2059.4	2082.2	2127.1	2095.6	2094.7	2096.8
pl-c3	s	1	0000000002000001	5224.6	5356.3	5358.5	5406.8	5417.4	5023.1	5359.2	5415.4	5186.2
pl-c3	i	1	0000000002000001	4132.6	4221.6	4198.1	3532.3	4124.7	4098.7	4193.8	4113.9	3686.8
# rep 2 done load1=8.46
dot-wf	o	743934	909f48e36ad62c88	8153.2	8050.6	8203.4	8078.9	8131.0	7942.6	7848.1	7916.3	7828.7
dot-wf	s	743934	909f48e36ad62c88	5884.3	5994.2	6003.3	5977.8	5991.8	5977.6	5976.7	5979.3	5961.0
dot-wf	i	743934	909f48e36ad62c88	6684.4	7425.0	6918.7	6539.0	6783.1	6182.1	7066.0	7124.8	7134.8
pl-wf	o	112148	8238b6e7aca6da64	6701.3	6905.3	6914.5	6759.6	6646.5	6554.6	6802.5	6878.2	6492.1
pl-wf	s	112148	8238b6e7aca6da64	3931.5	3976.8	4001.2	3933.1	3932.2	4017.2	3907.1	3948.2	3978.8
pl-wf	i	112148	8238b6e7aca6da64	4468.8	4445.9	4421.4	4399.6	4409.4	4405.1	4383.9	4373.9	4362.9
dot-c3	o	1	0000000002000001	1300.0	1295.5	1296.6	1293.2	1291.6	1322.8	1289.5	1290.9	1289.5
dot-c3	s	1	0000000002000001	3329.9	3289.2	3342.9	3329.2	3333.9	3346.6	3347.1	3338.0	3324.2
dot-c3	i	1	0000000002000001	3561.1	3584.1	3636.2	3610.2	3616.6	3561.9	3577.3	3596.1	3601.2
pl-c3	o	1	0000000002000001	2283.4	2187.1	2228.8	2123.2	2128.7	2179.3	2165.2	2111.0	2168.8
pl-c3	s	1	0000000002000001	5131.3	5107.6	4992.1	5140.2	5094.8	5181.1	5243.3	5159.1	5093.0
pl-c3	i	1	0000000002000001	3561.4	3544.5	3580.0	3589.9	3634.6	3606.3	3618.0	3575.1	3566.5
# rep 3 done load1=8.46
dot-wf	o	743934	909f48e36ad62c88	9610.1	9534.7	9645.4	9329.0	9577.4	9361.3	9500.4	9583.0	9471.2
dot-wf	s	743934	909f48e36ad62c88	5890.7	5862.5	5865.5	5863.6	5873.7	5883.7	5862.8	5882.0	5887.3
dot-wf	i	743934	909f48e36ad62c88	7076.6	7138.0	7114.8	7107.3	7032.5	7075.4	7082.7	7117.1	7055.0
pl-wf	o	112148	8238b6e7aca6da64	6926.5	6820.5	6983.0	7007.6	6812.4	6719.4	7083.4	6880.2	6760.1
pl-wf	s	112148	8238b6e7aca6da64	3907.6	3949.5	3931.4	3871.7	3925.5	3869.9	3877.0	3912.3	3967.5
pl-wf	i	112148	8238b6e7aca6da64	4377.4	4352.3	4368.5	4378.1	4374.2	4409.4	4361.1	4358.7	4328.6
dot-c3	o	1	0000000002000001	1284.7	1285.7	1288.2	1315.7	1288.7	1282.5	1286.3	1306.2	1300.4
dot-c3	s	1	0000000002000001	3308.7	3355.7	3370.8	3342.3	3344.9	3344.5	3346.7	3328.4	3325.4
dot-c3	i	1	0000000002000001	3571.8	3597.0	3612.8	3654.3	3631.6	3628.2	3639.6	3562.1	3549.8
pl-c3	o	1	0000000002000001	2201.5	2137.6	2206.0	2225.6	2217.1	2210.5	2210.1	2110.1	2246.1
pl-c3	s	1	0000000002000001	5032.1	5077.5	5146.3	5018.7	5172.0	5070.1	5048.0	5151.3	5019.0
pl-c3	i	1	0000000002000001	3599.9	3605.8	3580.8	3578.0	3589.3	3585.6	3593.0	3603.0	3588.7
# rep 4 done load1=8.46
dot-wf	o	743934	909f48e36ad62c88	9487.0	9812.5	9725.0	9636.4	9485.9	9589.7	9699.7	9415.2	9665.7
dot-wf	s	743934	909f48e36ad62c88	5959.2	5966.4	5978.8	5971.5	5995.5	5985.6	6067.2	6024.7	6006.3
dot-wf	i	743934	909f48e36ad62c88	6951.5	6950.5	7003.0	6981.9	6984.2	7059.4	7096.2	7074.0	7056.8
pl-wf	o	112148	8238b6e7aca6da64	7127.6	6997.2	7031.4	6823.0	6965.4	7126.8	6994.7	7111.9	7035.3
pl-wf	s	112148	8238b6e7aca6da64	3862.6	3883.1	3962.3	3999.2	3949.7	3957.5	3965.6	3981.8	3893.3
pl-wf	i	112148	8238b6e7aca6da64	4343.5	4371.9	4429.9	4427.3	4362.2	4391.1	4397.7	4387.3	4374.0
dot-c3	o	1	0000000002000001	1286.3	1283.8	1292.8	1289.5	1292.6	1286.7	1294.5	1286.5	1317.6
dot-c3	s	1	0000000002000001	3286.8	3340.7	3342.0	3320.6	3311.6	3328.1	3326.0	3326.2	3287.3
dot-c3	i	1	0000000002000001	3559.0	3598.1	3580.8	3602.3	3597.1	3605.9	3535.1	3556.5	3571.2
pl-c3	o	1	0000000002000001	2255.2	2237.0	2278.2	2178.8	2186.6	2188.4	2180.3	2173.3	2164.0
pl-c3	s	1	0000000002000001	5118.9	5054.0	5056.5	5203.3	5133.3	5110.2	4971.9	5089.7	5099.3
pl-c3	i	1	0000000002000001	3586.0	3543.0	3580.7	3572.3	3575.9	3586.0	3568.6	3540.2	3583.8
# rep 5 done load1=8.46
== start_landing run_timing_guard COMPLETE
